1,照顧新人的戰士,1,自己之後打出的卡片數值 * 2,5,2,1,1
2,嘴賤的牧師,1,對手之後打出的卡片數值 / 2,5,2,1,1
3,鼓舞現場的法師,1,自己之前打出所有卡片，數值 * 2,5,2,2,1
4,恫嚇現場的武僧,1,對手之前打出所有卡片，數值 / 2,5,2,2,1
5,多拿一把劍的戰士,2,抽一張牌,5,2,3,1
6,逼人懺悔的牧師,2,對手隨機捨棄一張手牌,5,2,3,1
7,加持頭尾的法師,2,戰鬥區中第一張以及目前最後一張的牌數值都 * 2,5,2,2,1
8,不認輸的武僧,2,目前分數若是低於對手，則分數的差額會變成這張牌的數值,5,2,2,1
9,遇強則強的戰士,3,目前分數若是低於對手，則抽一張牌,5,2,3,1
10,三倍的牧師,3,對手抽一張牌，此牌分數 * 3,5,2,2,1
11,干擾對手的法師,3,對手戰鬥區中上一張牌以及上兩張牌數值都減少 2,5,2,2,1
12,照顧小弟的武僧,3,自己下一張牌以及下兩張牌的數值都加 1,5,2,1,1
13,針對人的戰士,4,對手戰鬥區中數值介於 3 ~ 6 之間的卡片數值 - 2,5,2,2,1
14,加持強者的牧師,4,自己打出的數值介於 5 ~ 8 的卡片數值 + 1,5,2,2,1
15,傳奇大法師-積掰郎,4,取消對手戰鬥區中上一張卡片的效果,5,2,3,1
16,尋找弱者的武僧,4,若是我方戰鬥區中有兩張數值低於 3 的卡片，則此牌數值 + 2,5,2,2,1
17,路過的劍士,5,無特殊效果,5,2,4,1
18,針對對手最弱者的牧師,5,對手戰鬥區中一張數值最低的卡片數值 - 2,5,2,2,1
19,照顧自己最弱者的法師,5,自己戰鬥區中一張數值最低的卡片數值 + 2,5,2,2,1
20,隨便打一個的武僧,5,對手戰鬥區的卡片中隨機一張卡片數值 - 3,5,2,2,1
21,你手牌多就扣你的戰士,6,對手手牌大於等於 4 張時，對手戰鬥區中隨機一張牌數值減少 2,5,2,2,1
22,無能的牧師,6,無特殊效果,5,2,4,1
23,愛小三的法師,6,自己手牌中數值小於 3 的牌全部 + 1,5,2,2,1
24,跟你下一張說拜拜的武僧,6,將對手下一張打出的牌直接丟到棄牌區，效果不發動,5,2,1,1
25,路過的鬍渣戰士,7,無特殊效果,5,2,4,1
26,複雜的牧師,7,對方戰鬥區的上一張卡片數值 – (對方目前卡片數值總和 / 10 的餘數),5,2,2,1
27,隨便的法師,7,對手戰鬥區隨機一張卡片數值 - 3,5,2,2,1
28,亂來的武僧,7,自己戰鬥區隨機一張卡數值 + 3,5,2,2,1
29,路過的超強戰士,8,無特殊效果,5,2,4,1
30,殉道的牧師,8,將自己戰鬥區第一張卡片送入棄牌區，也把對方戰鬥區中第一張卡片送入棄牌區,5,2,2,1
31,欺弱怕強的法師,8,若是目前自己的戰鬥區中數值總和低於 15 (不包含此牌)，則此牌數值 - 4,5,2,2,1
32,害怕強者的武僧,8,打出此卡時，若是對手戰鬥區中的數值總和高於 15，則此牌數值 - 4,5,2,2,1
33,君子復仇十年不晚的戰士,9,打出此卡時，若是自己棄牌區的卡片數量超過 10 張，則對手隨機一張卡片數值 - 5,5,2,2,1
34,你4我就4的牧師,9,打出此卡時，若是對手戰鬥區的卡片超過 4 張，則此卡片的數值為 4,5,2,2,1
35,之後來的都減一的法師,9,對手之後出的每張卡片數值 - 1,5,2,1,1
36,路過的少林寺方丈,9,無特殊效果,5,2,4,1
37,路過的戰士之王,10,無特殊效果,5,2,4,1
38,三八的牧師,10,若打出時自己牌組高於 10 張，則此牌的數值為 5,5,2,2,1
39,懶惰的法師,10,自己戰鬥區前一張牌的數值若是大於 5，則此牌的數值為 7,5,2,2,1
40,失誤殺人的武僧,10,對手戰鬥區隨機一張卡片數值變成 0,5,2,2,1